15761122
16252231
16648850
17052657
17053108
17068223
17158188
17293876
17362836
17447842
17522711
17401366
17401363
17395743
17474819
17434869
17435756
17463246
17460697
17463249
17463248
17478679
17434096
17486107
17529967
17529973
17529974
17554261
17554260
17554300
17553421
17558408
17668382
17603472
17603485
17618284
17618283
17632509
17632545
17634449
17637780
17634447
17658951
17611496
17660530
17667963
17653210
17684544
17690259
17767159
17767157
17804836
17804789
17827064
17903293
17903300
17903308
17903292
17903296
17903304
17903302
17903295
17903298
17903305
17903306
17903303
17903297
17903301
17903307
17903294
17934461
17999355
17952075
17975299
17982456
17997608
17998437
18075462
18057069
18084291
18159244
18179892
18193044
18193046
18193045
18193043
18198356
18204446
18204098
18204447
18252221
18239089
18245381
18262040
18264097
18264098
18264096
18282107
18311140
18327256
18327257
18326623
18332876
18347602
18364390
18372901
18372905
18372903
18385676
18385738
18385739
18369459
18391952
18391950
18391951
18403759
18439552
18439548
18455228
18445777
18454146
18454148
18471798
18463975
18464913
18463370
18483556
18488028
18488026
18514160
18521091
18521185
18535201
18451265
18576341
18587394
18591461
18594024
18604267
18615156
18723019
18650507
18660810
18677311
18668548
19165918
18711365
18711367
18711366
18846228
18758461
18758464
18759275
18762592
18776911
18776929
18794855
18794853
18780872
18802019
18821564
18820697
18823527
18834626
18835860
18991354
20031538
18836448
18846501
18840781
18839057
18940312
18849994
18849991
18849993
18941528
18952825
18951430
18976728
18978787
18978792
18978790
18987618
18985386
18997786
18997785
19010793
19011631
19023125
19030899
18957941
19043545
19060907
19056611
18821565
18937294
19060909
19060911
19060910
19060906
19081515
19079260
19079261
19079262
19074352
19084217
19096518
19107115
19110211
19114657
19116933
19115949
19117981
19118814
19122664
19125160
19124843
19132087
19136949
19151714
19151717
19165155
19165232
19169255
19169254
19176441
19185284
19260139
20031564
19182806
19187332
19207018
19260141
19196962
19198613
19197348
19198610
19198612
19198609
19198611
19221038
19219042
19389651
19230858
19249006
19247474
19268274
19270707
19278955
19287509
19287384
19303062
19300499
19300482
19300500
19304780
19305408
19305409
19330030
20031576
20031577
20031578
20031579
19340012
19343178
19349984
19349983
19359265
19359809
19367585
19369658
19396169
19404256
19401414
19330027
19412175
19412176
19414484
19416921
19419973
19421330
19426955
19430483
19430479
19430480
19430482
19448622
19448619
19448623
19448620
19448621
19451621
19454037
19458352
19465909
19456320
19478329
19478819
19483682
19483681
19483685
19488044
19503597
19503088
19525955
19525953
19553259
19557161
19557197
19561606
19571809
19571808
19567438
19571811
19570815
19581569
19578179
19578367
19578366
19578364
19578365
19584346
19587794
19597491
19597492
19609347
19620980
20031603
20031604
19648918
19648919
19648920
19656524
19651812
19654303
19664746
19668339
19680635
19684573
19684604
19684603
19698717
19706858
19714205
19714249
19721433
19727025
19729612
19729412
19734545
19734900
19734901
19734902
19734903
19744961
20061627
19749758
19749757
19754311
19767753
19767754
19772629
19779542
19786962
19798445
19801982
19812673
19862010
19820698
19820699
19820697
19836008
19838193
19846067
19853236
19851299
19875103
19874204
19880490
19838195
19896111
19890347
19893584
19897590
19901119
19915573
19915574
19915572
19915576
19915575
20183929
19936222
20018283
20011104
19966805
19961619
20010834
20010835
20018918
20018961
20023658
20032318
20041166
20037589
20038947
20045101
20009918
20215924
20060832
20112360
20066028
20072603
20062061
20062063
20062062
20062060
20066004
20070850
20068591
20081858
20081856
20081857
20096396
20100581
20101243
20200953
20117844
20159242
20125088
20125193
20139978
20139977
20152958
20150558
20169177
20159113
20154341
20064070
20171287
20167578
20172861
20174558
20173735
20173748
20173747
20147318
20167575
20185149
20189936
20195514
20190752
20197096
20195266
20208534
20212171
20228799
20228798
20231535
20237162
20303062
20303064
20305777
20304771
20304703
20339536
20308991
20348956
20350937
20351715
20360315
20397748
20363506
20364137
20372150
20383146
20383145
20383147
20385819
20385826
20386566
20205591
20395239
20400778
20410501
20421936
20418485
20418489
20418889
20418888
20418890
20421499
20442857
20436471
20436469
20445134
20452100
20453841
20453840
20453842
20453838
20460270
20460622
20485516
20732626
20463881
20512145
20516156
20522523
20526339
20526338
20529992
20532800
20541252
20548944
20548946
20543847
20558539
20570966
20585627
20585626
20581827
20585324
20592726
20598377
20595679
20596022
20610895
20601957
20634892
20622878
20622881
20622879
20637204
20639392
20639394
20639881
20639880
20639878
20661308
20657596
20662065
20663923
20668430
20673876
20686608
20686651
20668459
20675712
20676096
20676098
20707712
20732625
20014019
20694148
20691247
20686565
20700443
20700438
20694014
20694013
20694011
20708005
20705733
20709820
20711174
20711176
20711177
20713499
20719862
20729852
20811658
20800221
20801718
20802025
20802479
20802204
20834067
20818381
20825314
20838585
20833655
20835236
20835239
20835238
20844546
20849430
20862305
20852631
20852633
20852632
20858683
20861866
20864672
20860503
20885792
20871597
20872241
20876611
20876420
20876614
20927387
20877300
20881960
20884846
20801717
20889312
20921969
20932654
20923822
20887962
20932310
20935630
20935629
20953189
20953186
20953188
20953190
20966902
20971583
20972438
20972440
21060860
21060863
21082022
20981099
21037115
21037568
21041247
21041692
20848476
21044949
21044948
21184583
21042317
21048783
21057379
21051598
21668797
21059979
21051773
21068099
21079520
21076409
21079607
21084426
21088011
21124955
21124946
21095009
21102462
21102463
21104366
21107309
21106707
21107343
21113153
21118971
21116278
21105107
21124317
21182207
21123754
21130132
21131588
21130836
21131975
21139019
21150874
21150878
21149285
21149283
21087763
21151127
21151130
21151128
21160409
21156761
21160077
21173776
21177773
21203500
21186350
21302353
21196492
21208937
21212386
21216876
21216879
21221998
21223598
21221126
21228123
21239051
21242260
21244703
21263130
21270382
21298027
21298047
21273288
21278746
21292315
21254220
21348951
21294900
21326860
21297633
21300955
21310492
21305692
21307088
21347282
21347284
21314694
21379329
21326295
21326311
21323541
21339755
21353194
21383967
21390209
21364930
21355061
23480133
21357676
21372407
21368711
21408207
21378990
21386754
21378988
21386085
21423719
21399633
21399635
21437268
21424380
21418511
21428769
21423239
21396408
21441570
21441931
21448238
21483845
21452313
21459883
21460395
21460840
21460842
21460841
21471458
21471979
21490707
21490949
21473668
21478494
21483023
21483430
21570397
21533175
21499250
21499248
21502966
21505073
21502949
21505071
21544081
21502573
21533074
21533024
21493818
21533022
21529783
21552555
21521612
21531791
21502085
21507922
21532571
21540461
21546496
21546767
21551455
21573004
21565293
21572414
21573128
21573907
21572416
21703177
21602797
21602798
21606135
21612516
21618603
21621269
21626137
21623375
21627779
21640322
21642993
21646302
21647738
21647700
21659360
21654844
21659334
21665990
21665994
21665993
21658281
21666692
21666691
21685187
21681796
21679298
21688384
21685912
21682944
21699788
21703634
21700265
21700879
21701570
21700618
21738487
21706003
21706340
21708048
21740922
21738491
21738484
21738479
21738478
21738480
21787189
21725309
21725308
21729881
21732829
21750679
21743057
21743467
21743469
21750109
21750111
21784300
21779181
21757653
21779176
21757650
21779381
21764829
21761138
21768215
21771975
21771265
21782286
21775986
21814517
21799836
21785125
21799462
21829377
21801394
21804549
21804548
21804547
21810746
21846871
21810643
21810271
21812969
21829393
21824976
21827660
21826085
21833088
21835309
21841780
21844665
21844884
21862451
21871595
21901158
21866343
21873549
21876473
21874001
21876539
21878436
21878437
21886157
21900290
21900946
21900944
21931568
21931564
21908515
21907864
21896673
21909110
21909109
21909106
21909107
21909108
21909115
21912425
21935397
21926974
21926972
21940522
21926416
21943158
21946350
21946351
21980494
21956439
21980299
22004137
21964575
21971053
21979947
21998597
21998595
21981779
21983785
21983787
21983786
21990027
21993531
22003152
22001756
22001757
22006218
22010048
21989058
22004471
22005931
22005930
22013104
22012869
22028671
22020760
22021425
22019778
22019779
22032556
22037552
22037553
22037555
22037551
22037903
22044751
22041458
22036096
22010049
22054870
22055160
22064162
22057235
22087292
22065538
22068335
22075330
22075249
22080838
22076464
22081228
22086417
22833209
22095909
22085899
22101970
22116939
22116950
22120009
22126837
22137330
22139419
22144915
22159054
22190364
22130093
21897333
22138694
22144573
22142827
22158537
22158540
22174851
22174390
22170493
21908519
22180457
22179738
22182935
22205951
22199011
22197929
22197933
22197932
22216198
22205395
22171074
22210626
22864933
22238593
22219177
22228203
22245343
22229870
22232737
22233651
22247754
22443383
22388998
22267201
22267200
22291604
22291609
22286212
22286173
22286170
22286219
22293537
22290723
22293688
22306650
22306654
22306652
22319020
22310353
22318345
22322875
22327514
22331829
22342860
22343285
22341974
22359512
22344219
22344221
22354554
22365631
22497812
22383897
22383894
22367966
22368281
22384028
22449649
22396660
22379998
22451204
22387998
22403646
22399527
22399142
22423221
22412388
22428042
22417934
22419666
22425255
22424883
22438815
22446040
22430674
22437554
22419738
22445761
22446962
22446963
22446961
22479419
22452962
22470424
22456796
22457343
22479191
22479309
22479202
22472174
22472876
22488850
22492993
22493691
22482804
22484627
22491018
22509378
22511988
22504419
22504417
22504418
22504421
22504420
22494929
22508271
22524403
22532574
22542470
22541561
22570617
22538805
22558069
22558097
22544366
22544364
22550155
22560479
22570627
22570697
22554406
22556244
22561531
22569225
22561518
22566560
22566498
22566624
22566634
22589742
22589738
22581228
22584459
22745009
22832960
22832961
22610502
22832964
22633400
22628157
22634755
22637743
22666496
22658931
22658654
22648509
22693455
22693459
22675492
22664479
22672568
22683750
22673963
22685421
22683712
22688191
22700719
22704111
22694956
22703881
22719876
22705344
22726844
22745674
22737229
23505185
22744181
22747683
22699663
22751097
22754043
22763110
22764253
22760553
22792071
22763476
22792070
22792221
22792082
22673310
22773346
22780124
22791750
22807686
22788528
22797724
22797727
23055271
22808956
22829776
22814818
22821403
22823124
22843503
22841784
22837378
22837380
22843504
22864923
22863734
22863731
22883433
22872573
22890011
22886559
22885925
22889924
22889921
22895189
22899653
22916037
22903471
22907691
22911880
23067351
22923026
22925353
22923054
22922875
22952603
22939635
22936694
22936669
22936702
22960237
22885922
22881374
22885689
22941191
22941190
22949513
22959728
22961080
22951725
22956598
22961961
22951594
23225573
22968431
22961001
22960999
22982992
22976474
22969067
23028341
23028356
22982463
23000144
22990020
22993228
23028342
22990015
22997280
23001122
23017229
23007406
23006423
23049750
23001564
23022100
23028483
23023329
22961000
23031429
23041239
23042114
23053960
23056639
23043469
23049088
23064961
23065704
23093944
23092984
23103227
23104006
23104005
23108145
23108985
23118916
23118974
23118302
23128233
23047291
23818313
23142968
23144319
23139255
23137000
23144326
23149075
23146381
23143601
23143602
23150908
23151678
23160099
23166209
23180272
23183192
23180869
23184150
23183491
23192594
23209447
23207799
23143596
23143594
22922229
23212062
23202124
23209189
23251661
23218918
23207651
23181788
23213074
23222517
23001997
23223146
23216389
23233662
23229837
23241943
23242368
23247143
23247145
23284291
23263863
23266556
23266558
23259602
23263445
23263487
23263486
23267103
23300701
23273568
23269536
23359319
23381943
23459209
23290196
23703922
23279374
23401653
23291587
23291585
23291589
23300138
23297363
23300278
23307926
23326239
23303382
23326512
23326517
23321320
23319801
23322567
23319000
23328707
23349640
23341777
23349225
23354978
23350875
23358160
23374588
23358156
23362303
23382809
23372041
23364009
23386860
23382691
23364394
23371916
23376709
23378610
23894747
23377640
23381795
23393555
23408906
23396134
23400010
23412934
23406172
23417110
23388002
23419831
23423138
23420232
23437003
23432519
23509613
23446634
23455491
23453885
23449627
23406873
23533358
23468962
23281178
23456092
23314186
23455637
23456168
23455636
23459936
23463857
23472185
23459443
23472165
23471985
23467860
23474815
23470693
23536807
23478653
23482656
23561647
23493294
23505323
23502781
23502783
23508960
23496005
23508266
23512250
23509962
23518928
23535033
23532257
23541324
23544013
23544012
23535967
23535911
23534349
23555300
23548203
23511034
23535730
23535729
23535733
23535732
23555189
23535734
23517042
23527680
23565137
23551011
23562540
23593202
23593239
23563609
23563607
23572186
23568457
23575227
23571587
23585552
23575436
23583978
23583980
23583979
23646285
23599027
23594818
24429156
23562823
23642732
23603761
23620142
23624525
23612905
23620144
23633212
23636237
23577725
23643386
23678272
23648065
23644492
23650146
23644456
23667675
23652523
23665963
23666240
23666238
23669352
23666239
23670970
23677057
23696099
23698163
23704328
23746317
23717212
23719583
23708190
23708191
23726511
23720494
23726366
23722424
23726668
23728934
23728906
23603763
23727862
23725790
23755828
23738518
23761726
23754948
23743675
23749188
23740937
23760081
23753411
23776548
23785401
23770605
23776197
23793441
23793025
23817571
23817570
23817569
23749187
23844046
23824729
23830517
23829686
23836780
23834954
23874384
23850713
23857890
23870195
23872634
23886662
23935489
23894154
23897914
23900074
23921680
23935956
23910658
23903356
23903073
23936387
23932459
23918034
24144296
23933737
23934736
23967269
23937595
23945395
23942779
24024966
23966867
23955597
23962720
23958962
23966204
23972371
23989729
23969696
23974705
23974872
23983088
23979607
23982368
23984888
23989986
23996088
24009623
23740775
24023788
23999434
24001895
24002674
24023777
24014518
24023261
24023260
24025145
24068947
24026423
24029427
24039173
24058526
24043878
24045676
24046328
24049095
24057671
24047820
24047826
24068962
24047446
24086445
24065183
24124411
24124408
24132900
24094242
24097068
24096698
24097066
24101674
24216480
24064335
24133439
24121790
24105470
24143190
24143882
24149102
24152035
24163127
24159190
24162737
24162738
24165912
24204828
24166486
24182552
24204295
24172245
24097067
24076602
24236485
24080446
24189344
24223155
24244560
24234648
24220699
24249740
24241537
24253340
24256812
24324551
24262325
24280104
24280982
24277619
24281739
24282030
23918589
24292274
24778558
24348519
24324648
24405752
24315451
24325915
24325914
24322204
24376456
24379826
24347629
24351856
24357727
24376798
24376627
24390345
24390342
24468470
24375517
24386095
24388013
24166409
24449572
24489884
24387989
24392092
24383474
24399259
24403052
24430505
24529757
24478790
24465431
24448986
24465473
24486069
24483146
24342994
24507774
24493630
24503447
24516586
24621683
24509480
24511991
24518671
24513273
24514567
24532676
24532677
24556642
24535457
24839885
24554482
24586186
24564958
24569950
24571439
24586183
24578125
24583629
24578207
24578379
24487271
24123702
24595857
24603532
24618891
24684796
24625756
24656865
24647736
24651765
24658283
24665060
24662972
24667120
24680774
24677629
24676358
24688116
24699409
24952865
24700089
24709693
24714607
24629169
24728293
24736177
24737549
24737748
24740207
24740154
24722205
24743840
24882193
24753544
24755620
24768677
24763700
24770850
24770881
24785509
24792382
24782177
24827717
24797007
24795349
24800985
24811271
24847357
24816252
24823311
24824216
24825563
24821223
24837172
24836286
24842889
24847101
24850809
24852370
24861553
24861552
24871463
24751813
24880342
24886709
24892410
24903457
24909733
24908248
24919509
24916648
24962325
24925725
24920014
24927181
24954085
24929828
24940741
24939585
24938310
24941225
25043022
24945404
24954895
24950379
24951543
24957906
24952745
24963161
24964207
25009551
24974787
24931836
24974847
24980573
24943344
24962563
24986923
24993907
24999842
25003214
25044411
25008200
25006744
25017104
25023989
25027320
25028398
25027321
25030430
25035420
25042611
25038754
25044758
25056061
25055868
25057126
25231870
25060954
25064009
25064007
25065397
25080503
25087078
25082827
24528284
24869959
25085501
25086665
25140149
25096241
25147783
25102180
25105248
25108386
25108383
25108385
25117820
25014791
25129146
25138779
25133637
25134534
25145502
25162662
25130324
25173107
25173105
25173106
25072098
25186300
25187374
25189868
25187353
25188341
25192705
25442119
25194280
25201988
25200001
25199915
25208887
25208829
25214527
25223841
25217961
25217962
25224454
25221879
25223902
25226531
25240745
25233373
25234806
25352737
25241909
25245031
25241763
25246029
25249183
25248455
25256182
25303641
25256105
25261932
25266886
25317112
25317111
25534755
25271088
25089948
25279986
25281659
25281661
25282103
25288136
25293881
25411281
25297839
25305756
25310577
25310821
25457201
25327703
25335168
25729143
25338677
25340798
25342443
25343990
25344690
25350695
25352340
25353672
25456346
25158072
25364816
25367360
25376901
25372704
25378659
25378290
25670933
25383971
25383866
25385369
25390645
25407941
25411163
25917933
25420145
25648963
25429064
25431337
25429627
25434496
25387707
25387708
25387704
25436638
25387706
25468567
25469926
25500335
25477429
25475840
25476525
25488688
25483131
25562672
25493955
25646338
25524241
25514360
25524916
25533491
25521368
25526632
25533513
25705159
25557950
25705162
25705158
25551457
25552591
25824743
25561047
25574825
25569183
25574032
25884002
25575512
25583994
25581431
25628645
25584925
25599974
25649181
25601762
25604533
25607358
25608926
25616667
25628336
25625606
25625282
25631615
25629512
25631608
25637523
25461247
25637336
25642632
25646370
25649651
25644384
25656473
25663231
25672763
25672891
25673412
25673413
25713168
25705849
25706626
25710614
25710658
25881214
25517131
25337690
25101718
25562107
25742292
25758996
25758998
25760438
25772935
25763902
25827505
25775280
25774636
25781442
25778476
25781172
25786224
25784220
25866641
25798622
25799145
25811787
25817017
25820613
25823687
25823570
25826619
25751624
25813999
25751625
25643325
25839716
25848760
25849990
25855136
25865494
25862617
25865352
25867717
25918517
25869804
25888059
25877299
25898001
25886283
25896417
25890600
25897833
25897834
25855579
25898920
25903422
25918132
25936594
25802187
25918841
25935106
25676789
25934476
25935875
25827949
25939698
25939597
25944848
25948407
25953783
25956309
25964295
25963547
25961943
25963972
25967671
25972531
25972035
25986216
25987655
25985088
25987243
25987507
25990418
25993607
26007630
26015512
26025128
26014426
26058915
26025379
26029870
26028593
26030142
26030696
26034056
26031901
26220383
26041818
26049409
25979521
26053186
26114229
26154020
26068415
26075790
26077402
26077951
26079190
26084801
26039976
26083242
26081443
26083729
26385043
26083657
26089329
26087016
26339675
26112879
26098869
26098866
26116289
26105758
26121033
26129866
26121980
25325441
25663218
26256467
26207136
26151821
26151496
26184321
26174813
26169365
26169577
26174136
26184070
26183928
26188370
26190474
26192919
26194203
26198764
26198393
26211971
26219847
26222057
26227905
26237428
26237429
26239289
26629533
26242244
26252872
26249676
26265699
26268530
26265036
26272072
26272126
26278006
26284813
26291516
26293465
26297903
26299439
26301497
26301688
26305897
26307654
26312577
26316170
26314684
26235824
26323598
26148204
26421299
26343869
26350878
26343387
26348319
26352407
26362759
26366553
26365420
26051272
26379185
26377243
26390057
26394269
26394188
26398136
26401656
26545630
26433762
26420894
26422391
26417704
26416764
26416757
26424050
26426971
26367794
26366535
26433129
26440539
26443449
26451028
26450422
26562150
26460308
26482880
26482879
26480920
26488411
26486471
26491034
26502338
26503763
26503584
26516778
26519441
26632684
26414677
26434682
26525574
26528553
26545240
26542096
26546620
26553974
26561523
26566055
26531332
26569114
26582766
26580837
26584805
26586795
26870257
26604143
26620591
26606652
26626624
26621817
26631737
26634245
26644207
26686025
26704534
26675016
26674333
26708676
26691988
26865924
26685716
26686553
26701879
26718567
26545403
27897004
26845276
26732429
26732621
26732560
26733130
26741287
26746183
26752265
26752167
26599303
26754954
26763881
26767831
26766742
26763874
26776603
26780889
26785701
26831199
26805783
26908625
26806518
27179730
26819262
26815016
26821981
26818947
26829030
26824906
26822151
26833098
26708285
26833246
26830138
26835600
27333618
26861389
26853712
26908601
26859814
26856250
26876947
26908436
26879886
26888256
26891255
26902266
26915486
26913989
26910538
26912274
26911590
26920376
26921259
26926045
26950853
26965516
26962152
26956414
26965164
26955885
26959369
26959717
26961502
26969751
26974007
26977737
26980576
26993346
26989097
26997408
27047539
27005419
27005825
27001270
27005778
27015805
27008869
27016271
27022141
27020472
27021288
27206850
27023175
27028160
27029810
27036123
27064256
27046643
27043157
27018472
27068588
27064253
27067015
27207532
27082954
27094239
27089181
27207650
27089180
27197191
28459102
27098658
27106561
27114598
27117709
27126917
26663301
26651848
27135401
27143689
27157822
27142222
27142678
27149984
27149122
27145994
27151647
27132594
27153935
27173062
27167565
27171184
27393504
27182965
27189021
27193031
27195708
27193062
27195777
27519822
28090565
27225129
27244555
27244217
27304844
27236921
27262462
27285765
27286809
27296613
27315593
27311723
27386562
27322543
27329760
27327535
27325353
27354352
27362418
27002377
27363682
27397699
27399966
27402877
27412012
27400856
27412988
27416945
27418160
27424934
27424798
27436580
27515689
27439200
26202629
27455349
27455348
27339598
27579533
27492634
27479909
27271309
27480026
27488534
27545685
27485664
27490719
27494321
27663945
27503288
27506219
27501781
27527254
27529621
27531626
27539887
27548383
27559109
27558924
27569725
27560520
27561104
27564568
28580392
27577874
27576016
27500523
27588450
27587472
28171663
27595289
27601451
27612410
27476799
27599772
27643478
27611488
28173075
27618452
27623284
27622933
27629089
27629369
27639821
27632927
27647854
27650483
27656708
27664181
27669027
27671213
27659466
27670767
27670397
27769005
27618448
27696742
27618447
27702942
27694927
27702941
27694959
27701424
27723779
27723809
27723758
27758888
27723756
28364478
27680694
27736895
27764800
27749845
27890468
27980656
27770636
27797806
27764096
27770449
27777418
26503814
27798627
27802415
27798624
27723757
27454463
27668658
27487801
27790247
27818178
27816938
27839851
27846195
27841878
27846281
28171582
27863252
28031287
27911795
27899403
27899376
27898682
27915449
27918536
27918534
27922604
27927781
27927641
28049566
27936112
27941131
27957625
27989323
27958378
28000841
27976721
27992416
27992413
27997041
28011148
28078323
28011710
28002826
28011712
28017375
28012008
28008999
28011674
28025584
28029757
28040410
28041642
28043905
28039329
28039263
28952330
28061514
28317148
28222112
28044437
28046027
28051079
28054174
28062665
28062682
28067908
28067912
28070124
28073927
28077804
28072414
28076899
28082259
28081215
28081371
28084903
28087736
28108127
28090653
28060188
28095793
28093568
28109725
28100725
28098162
28100913
28107422
28112199
28128768
28115744
28115739
28118524
28120872
28130311
28135244
28139693
28158719
28053049
28256260
28163062
28155865
28167095
28166213
28165464
28166215
28183528
28181694
28212542
28187132
28194004
28195142
28193307
28196072
28203683
28334899
28177523
28223688
28224759
28649644
28282560
28232668
28240269
28334792
28250457
28334814
28247064
28254843
28274756
28273873
28262088
28270201
28265120
28439531
28272467
28781888
28283553
28295283
28296344
28292921
28298293
28300201
28314753
28317342
28319091
28352666
28333968
28346442
28030426
28346443
28355295
28355232
28371326
28358029
28358823
28360221
28199695
28373160
28348047
28333195
28388302
28207573
28289848
28373541
28235828
28374850
28394258
28406950
28437668
28416818
28416822
28416812
28424481
28425483
28429243
28430825
28560309
28440896
28449029
28441426
28441456
28443625
28447399
28448500
28445677
28460022
28453575
28452372
28461288
28470677
28471803
28472463
28476931
28485404
28490609
28502801
28492228
28494655
28500057
28498854
28552477
28641921
28334935
28512992
28512139
28520984
28521775
28545128
28525603
28540026
28530673
28533516
28537267
28537254
28542097
28540843
28548082
28566273
28577822
28468790
28495826
27864402
28584135
28588231
28584286
28749367
28598419
28598434
28610988
28604728
28604730
28604731
28604732
28608620
28613276
28701861
28630421
29296746
28628665
28627999
28642124
28632202
28644415
28654678
28656603
28662289
28641744
28234671
28672053
28679651
29731509
28696415
28698626
29313844
28703135
28703219
28706201
28714907
28714975
28714469
28724990
28757204
28739605
28739976
28736931
28738859
28743860
28937693
28753643
28754779
28754176
28763429
28763065
28794112
28813576
28762467
29117387
28775256
28779025
28800603
28843169
28808816
28806749
28809852
28828242
28817678
28820441
28836065
28838971
29088834
28881265
28776340
28714976
28864454
28871152
28869590
28869591
28869801
28878392
28877031
28886342
28887542
28886140
29296818
28892059
28892062
28898252
28918882
28916551
29212154
28921602
28921760
28927820
28924203
28924153
28935272
28927378
28922980
28928442
28931804
29036319
28960316
28957384
28957414
29228715
28990359
28991256
29030101
29031612
29030599
29016859
29051540
29066090
29064910
29058716
29058377
29059683
29064472
29071344
29065906
29229094
29107063
29077507
29082582
29084231
29083406
29093028
29029846
29066854
29059430
29095316
29097388
29093273
29109912
29246731
29097723
29112194
29118346
29123153
29121268
29124443
29127183
29130521
29147026
29146897
29151059
29160300
29160301
29168253
29170203
29170429
29299148
29178545
29186428
29868224
29186694
29423119
29187730
29187748
29187746
29198719
29195075
29212897
29196614
29251981
29237677
29227965
29325848
29203360
29206233
29212900
29208002
29210060
29213071
29207912
29220522
29212778
29217827
29221444
29230059
29235454
29253144
29240982
29253858
29255261
29266176
29263402
29274321
29273806
29273593
29278698
29271184
29288229